0 R 360 8 89 48 5e d1 89 49 ed 31  0
181000 R 360 8 89 48 5e d1 89 49 ed 31  0
296000 R 360 8 89 48 5e d1 89 49 ed 31  0
411000 R aae70 8 00 00 00 00 00 00 00 01  0
636000 R 360 8 89 48 5e d1 89 49 ed 31  0
751000 R 368 8 49 54 50 f0 e4 83 48 e2  0
866000 R 368 8 49 54 50 f0 e4 83 48 e2  0
981000 R 368 8 49 54 50 f0 e4 83 48 e2  0
1096000 R aae68 8 00 00 00 00 00 00 00 00  0
1098000 R 368 8 49 54 50 f0 e4 83 48 e2  0
1211000 R aae60 8 00 00 00 00 00 00 00 00  0
1213000 R 368 8 49 54 50 f0 e4 83 48 e2  0
1326000 R 370 8 c7 48 00 40 0e 60 c0 c7  0
1441000 R 370 8 c7 48 00 40 0e 60 c0 c7  0
1556000 R 378 8 c7 c7 48 00 40 0e a0 c1  0
1671000 R 378 8 c7 c7 48 00 40 0e a0 c1  0
1786000 R 380 8 00 01 c7 e8 00 40 04 fe  0
1901000 R 380 8 00 01 c7 e8 00 40 04 fe  0
2016000 R 388 8 08 ec 83 48 90 90 f4 00  0
2131000 R aae58 8 00 00 00 00 00 00 00 00  0
2133000 R 550 8 4d 00 00 00 00 b8 54 41  0
2246000 R aae50 8 00 00 00 00 00 00 00 00  0
2248000 R 550 8 4d 00 00 00 00 b8 54 41  0
2361000 R 550 8 4d 00 00 00 00 b8 54 41  0
2476000 R 558 8 48 53 c5 89 4c 55 cc 89  0
2591000 R 558 8 48 53 c5 89 4c 55 cc 89  0
2706000 R aae48 8 00 00 00 00 00 00 00 00  0
2708000 R 558 8 48 53 c5 89 4c 55 cc 89  0
2821000 R 558 8 48 53 c5 89 4c 55 cc 89  0
2936000 R aae40 8 00 00 00 00 00 00 00 00  0
2938000 R 558 8 48 53 c5 89 4c 55 cc 89  0
3051000 R 560 8 00 00 90 ec 81 48 cb 89  0
3166000 R 560 8 00 00 90 ec 81 48 cb 89  0
3281000 R 568 8 24 7c 89 48 c0 85 48 00  0
3396000 R 568 8 24 7c 89 48 c0 85 48 00  0
3511000 R 568 8 24 7c 89 48 c0 85 48 00  0
3626000 R 570 8 54 89 48 0c 24 74 89 18  0
3741000 R aadc8 8 00 00 00 00 00 00 00 00  0
3743000 R 570 8 54 89 48 0c 24 74 89 18  0
3856000 R aadbc 4 00 00 00 00  0
3858000 R 570 8 54 89 48 0c 24 74 89 18  0
3971000 R 578 8 3d 83 c0 31 0c 74 10 24  0
4086000 R aadc0 8 00 00 00 00 00 00 00 00  0
4088000 R 578 8 3d 83 c0 31 0c 74 10 24  0
4201000 R 588 8 63 48 00 2a 63 fa 05 89  0
6791000 R a6988 4 00 00 00 01  0
6793000 R 588 8 63 48 00 2a 63 fa 05 89  0
6891000 R 590 8 10 24 54 8b 48 0c 24 44  0
7006000 R aadbc 4 00 00 00 01  0
8276000 R 590 8 10 24 54 8b 48 0c 24 44  0
8391000 R aadc0 8 00 00 7f ff ff ff ee 78  0
9481000 R 598 8 84 8b 48 08 c2 7c 8d 48  0
9596000 R 598 8 84 8b 48 08 c2 7c 8d 48  0
9711000 R 5a0 8 3d 89 48 00 00 00 b0 24  0
9826000 R aae60 8 00 00 7f ff ff ff ee 68  0
9966000 R 5a0 8 3d 89 48 00 00 00 b0 24  0
10081000 R 5a8 8 b5 05 89 48 00 2a 83 dc  0
10196000 R a8988 8 00 00 00 00 00 00 00 00  0
10198000 R 5a8 8 b5 05 89 48 00 2a 83 dc  0
10366000 R 5b0 8 00 00 44 1f 0f 00 2a 5a  0
10481000 R a6068 8 00 00 00 00 00 00 00 00  0
10483000 R 5b0 8 00 00 44 1f 0f 00 2a 5a  0
10596000 R 5b8 8 48 08 c7 83 48 07 8b 48  0
10711000 R aae88 8 00 00 00 00 00 00 00 00  0
10826000 R 5b8 8 48 08 c7 83 48 07 8b 48  0
10941000 R 5b8 8 48 08 c7 83 48 07 8b 48  0
11056000 R 5c0 8 01 24 47 e8 f4 75 c0 85  0
11171000 R 5c0 8 01 24 47 e8 f4 75 c0 85  0
11286000 R 5c0 8 01 24 47 e8 f4 75 c0 85  0
11401000 R 5c8 8 85 00 2a 63 b9 15 8b 00  0
11516000 R aada8 8 00 00 00 00 00 00 00 00  0
11518000 R 12a10 8 48 55 41 07 8b 48 56 41  0
11741000 R aada0 8 00 00 00 00 00 00 00 00  0
11743000 R 12a10 8 48 55 41 07 8b 48 56 41  0
11856000 R aae90 8 00 00 00 00 00 00 00 21  0